"# PbTaSe2 flake BCAD, thickness 56 nm,roughness 4.7 nm."		 
#eV	#eps_1	#eps_2
0.729411765	-16.052947	12.951761
0.730970452	-16.657794	12.695596
0.732535815	-17.032236	12.459898
0.734107896	-17.111078	12.244449
0.73568674	-16.849215	12.006466
0.737272389	-16.531887	11.823908
0.738864889	-16.527592	11.86217
0.740464283	-16.923568	12.320915
0.742070616	-17.282894	12.740118
0.743683934	-17.226792	12.779508
0.745304282	-16.955566	12.78375
0.746931707	-16.780708	12.785291
0.748566254	-16.973389	12.595552
0.750207971	-17.347763	12.228397
0.751856905	-17.492129	12.080935
0.753513103	-17.19882	12.179477
0.755176614	-16.792947	12.309279
0.756847486	-16.642527	12.340935
0.758525768	-16.608784	12.336564
0.76021151	-16.576816	12.328296
0.761904762	-16.477688	12.308254
0.763605573	-16.272071	12.257344
0.765313995	-16.128073	12.201054
0.767030078	-16.107594	12.146486
0.768753875	-16.096048	12.091393
0.770485437	-16.093316	12.07267
0.772224817	-16.146293	12.25163
0.773972068	-16.24437	12.509238
0.775727244	-16.339185	12.578187
0.777490399	-16.456033	12.515994
0.779261587	-16.546366	12.449847
0.781040863	-16.492633	12.523132
0.782828283	-16.203753	12.888778
0.784623903	-15.979551	13.172559
0.786427779	-16.046667	13.049243
0.788239968	-16.231577	12.720313
0.790060529	-16.32832	12.548471
0.791889519	-16.30841	12.649367
0.793726996	-16.26657	12.809291
0.795573021	-16.220726	12.858137
0.797427653	-16.157836	12.78369
0.799290952	-16.097027	12.697886
0.801162979	-16.067567	12.683395
0.803043795	-16.054207	12.68703
0.804933463	-16.037856	12.693384
0.806832046	-15.976025	12.707685
0.808739605	-15.855395	12.739369
0.810656207	-15.78596	12.77933
0.812581913	-15.818691	12.837323
0.814516791	-15.879027	12.907927
0.816460905	-15.897906	12.95401
0.818414322	-15.788771	12.973105
0.820377109	-15.652108	12.991209
0.822349333	-15.642426	13.06654
0.824331062	-15.770427	13.363547
0.826322366	-15.88762	13.623063
0.828323313	-15.808093	13.599468
0.830333975	-15.515446	13.452905
0.832354422	-15.318377	13.35421
0.834384725	-15.425192	13.388418
0.836424958	-15.692057	13.464005
0.838475192	-15.943608	13.505935
0.840535502	-16.196934	13.513462
0.842605963	-16.410323	13.518978
0.844686649	-16.418466	13.543956
0.846777636	-16.090075	13.667162
0.848879001	-15.764559	13.795505
0.850990821	-15.740609	13.83587
0.853113175	-15.787833	13.856559
0.855246142	-15.822663	13.86808
0.857389801	-15.746237	13.872939
0.859544234	-15.550342	13.875984
0.861709521	-15.403503	13.87834
0.863885744	-15.324783	13.879902
0.866072988	-15.268514	13.881369
0.868271335	-15.262352	13.888802
0.87048087	-15.345909	13.942712
0.87270168	-15.455212	13.999108
0.874933851	-15.518371	13.984863
0.877177469	-15.561645	13.883556
0.879432624	-15.601157	13.80221
0.881699404	-15.649523	13.880967
0.883977901	-15.700908	14.100424
0.886268203	-15.72419	14.222862
0.888570405	-15.597383	14.130812
0.890884598	-15.386514	13.966208
0.893210877	-15.314787	13.876532
0.895549336	-15.327093	13.850125
0.897900072	-15.35206	13.826009
0.900263182	-15.40594	13.73232
0.902638763	-15.56249	13.412411
0.905026914	-15.691102	13.145318
0.907427735	-15.630322	13.233766
0.909841328	-15.39737	13.585388
0.912267795	-15.1841	13.888564
0.914707238	-15.076587	14.045812
0.917159763	-14.990185	14.166149
0.919625475	-14.88256	14.196247
0.92210448	-14.698682	14.035831
0.924596887	-14.530322	13.830425
0.927102804	-14.528287	13.790868
0.929622341	-14.783149	13.854125
0.93215561	-15.027042	13.91466
0.934702723	-15.021615	13.906986
0.937263794	-14.905006	13.842584
0.939838939	-14.781636	13.742598
0.942428273	-14.683592	13.46853
0.945031914	-14.592576	13.040634
0.947649981	-14.561369	12.86395
0.950282594	-14.657504	13.097894
0.952929875	-14.791758	13.447047
0.955591947	-14.79239	13.606132
0.958268934	-14.432228	13.673955
0.960960961	-14.05198	13.711782
0.963668156	-13.987989	13.607857
0.966390648	-13.980775	13.142214
0.969128566	-13.970739	12.737181
0.971882042	-13.906428	12.632422
0.974651208	-13.761267	12.572582
0.977436201	-13.616832	12.510958
0.980237154	-13.466387	12.417379
0.983054207	-13.330804	12.330653
0.985887498	-13.297924	12.330014
0.988737167	-13.360869	12.652552
0.991603359	-13.431484	13.014393
0.994486216	-13.409844	12.992672
0.997385884	-13.22192	12.583851
1.000302511	-12.987642	12.230584
1.003236246	-12.795721	12.183036
1.00618724	-12.602176	12.166937
1.009155646	-12.412152	12.145791
1.012141618	-12.214899	12.089247
1.015145313	-12.024887	12.018441
1.018166889	-11.889528	11.988088
1.021206506	-11.808578	11.983556
1.024264326	-11.736441	11.979997
1.027340514	-11.629646	11.959442
1.030435234	-11.47521	11.874804
1.033548656	-11.311071	11.802059
1.036680949	-11.169471	11.798933
1.039832285	-11.037226	11.805629
1.043002839	-10.898357	11.809995
1.046192786	-10.742875	11.797301
1.049402306	-10.576737	11.763676
1.052631579	-10.406061	11.723099
1.055880788	-10.186163	11.674381
1.059150117	-9.997231	11.605996
1.062439756	-9.969707	11.48776
1.065749893	-10.066217	11.208272
1.06908072	-10.15939	10.972143
1.072432432	-10.044341	10.984049
1.075805227	-9.567981	11.11106
1.079199304	-9.144175	11.202008
1.082614864	-8.997504	11.189624
1.086052113	-8.902964	11.150794
1.089511258	-8.789129	11.109455
1.092992508	-8.634139	11.058784
1.096496076	-8.451036	11.011338
1.100022178	-8.233856	11.010291
1.103571031	-7.938584	11.12098
1.107142857	-7.649775	11.236646
1.110737879	-7.46126	11.245414
1.114356324	-7.326117	11.210236
1.117998422	-7.196554	11.157973
1.121664405	-7.035886	11.080033
1.125354509	-6.862969	10.961066
1.129068973	-6.730583	10.848843
1.132808039	-6.658706	10.739773
1.136571952	-6.600002	10.64491
1.140360961	-6.499755	10.623832
1.144175317	-6.283417	10.705391
1.148015276	-6.010787	10.833595
1.151881096	-5.759746	10.958072
1.15577304	-5.501568	11.111636
1.159691372	-5.272521	11.219302
1.163636364	-5.112993	11.236537
1.167608286	-4.990555	11.244181
1.171607417	-4.851052	11.246933
1.175634037	-4.647474	11.241144
1.179688429	-4.412119	11.228371
1.183770883	-4.210167	11.216034
1.187881691	-4.045601	11.201871
1.192021149	-3.89642	11.190002
1.196189557	-3.754361	11.18832
1.200387222	-3.622684	11.194037
1.204614451	-3.492625	11.204083
1.208871557	-3.355371	11.222347
1.21315886	-3.214214	11.259926
1.217476681	-3.069755	11.30505
1.221825348	-2.909043	11.347818
1.226205192	-2.744879	11.39866
1.230616549	-2.626666	11.479316
1.235059761	-2.560767	11.73708
1.239535174	-2.504114	12.030504
1.24404314	-2.407875	12.094703
1.248584015	-2.211124	12.011557
1.253158161	-2.045309	11.927677
1.257765944	-2.023219	11.979127
1.262407737	-2.021657	12.232357
1.267083919	-2.019226	12.455334
1.271794872	-1.947993	12.522021
1.276540986	-1.782964	12.561949
1.281322656	-1.670999	12.614615
1.286140283	-1.622521	12.698299
1.290994274	-1.5898	12.805416
1.31582438	-1.463864	13.190472
1.320905459	-1.391555	13.114188
1.326025932	-0.995753	12.639976
1.331186259	-0.775467	12.364526
1.336386906	-0.823388	12.39992
1.341628347	-0.793551	12.097488
1.346911066	-0.657921	11.998359
1.352235551	-0.495264	11.997555
1.357602299	-0.471917	12.096681
1.363011816	-0.361072	11.983114
1.368464616	-0.251264	11.904775
1.373961219	-0.20413	11.897908
1.379502155	-0.211147	11.964892
1.385087964	-0.226234	11.973443
1.390719192	-0.250567	11.977864
1.396396396	-0.281273	12.072698
1.402120141	-0.305836	12.190521
1.407891002	-0.366472	12.299538
1.413709562	-0.52155	12.411026
1.419576417	-0.769052	12.665559
1.425492168	-1.052855	12.744667
1.431457431	-1.390929	12.767521
1.43747283	-1.777795	12.775033
1.443538999	-2.015964	12.676617
1.449656583	-2.241099	12.532596
1.45582624	-2.458877	12.377028
1.462048637	-2.653541	12.209099
1.468324452	-2.65462	12.066322
1.474654378	-2.58692	11.949845
1.481039116	-2.401427	11.847952
1.487479382	-2.405534	11.678047
1.493975904	-2.362915	11.578149
1.500529421	-2.212938	11.498857
1.507140687	-1.992365	11.3723
1.513810468	-1.830699	11.288347
1.520539546	-1.758369	11.187302
1.527328714	-1.722431	11.059587
1.534178781	-1.597665	10.977581
1.54109057	-1.436835	10.836577
1.548064919	-1.254622	10.692101
1.555102681	-1.065416	10.606956
1.562204724	-0.889074	10.485842
1.569371935	-0.738488	10.369774
1.576605213	-0.601421	10.284705
1.583905477	-0.441684	10.246232
1.591273661	-0.293063	10.164367
1.598710717	-0.159909	10.087721
1.606217617	-0.035544	10.046613
1.613795347	0.166443	9.911657
1.621444917	0.344307	9.883299
1.629167351	0.484689	9.885977
1.636963696	0.606595	9.814745
1.644835019	0.642765	9.735328
1.652782406	0.689397	9.676304
1.660806965	0.802102	9.636629
1.668909825	0.947367	9.530407
1.677092139	1.059879	9.488231
1.68535508	1.158723	9.454347
1.693699846	1.276914	9.34808
1.70212766	1.421383	9.354112
1.710639765	1.560555	9.354194
1.719237435	1.68781	9.342162
1.727921965	1.827555	9.358953
1.736694678	1.975366	9.373643
1.745556924	2.123466	9.385977
1.754510081	2.263713	9.398995
1.763555556	2.388392	9.431248
1.772694782	2.526001	9.460357
1.781929226	2.656079	9.490532
1.791260383	2.726466	9.585576
1.80068978	2.835662	9.664634
1.810218978	2.958439	9.735811
1.819849569	3.072309	9.799459
1.82958318	3.227165	9.823503
1.839421472	3.314894	9.887995
1.849366145	3.372442	9.987457
1.859418932	3.444753	10.03915
1.869581606	3.54793	10.109259
1.879855979	3.634036	10.183443
1.890243902	3.693167	10.25902
1.90074727	3.764388	10.373669
1.911368015	3.835625	10.488925
1.922108119	3.896563	10.604362
1.932969602	3.941164	10.726022
1.943954537	4.015642	10.823622
1.955065037	4.039733	10.946194
1.966303271	4.04249	11.09076
1.977671451	4.079108	11.178115
1.989171847	4.101807	11.275676
2.000806777	4.116034	11.387366
2.012578616	4.126375	11.513032
2.024489796	4.08804	11.648742
2.036542804	4.061965	11.770755
2.04874019	4.049081	11.873119
2.061084563	4.018719	11.955546
2.073578595	3.99281	12.063858
2.086225026	3.957608	12.195342
2.099026661	3.898358	12.339512
2.111986374	3.847553	12.466181
2.125107112	3.777332	12.528538
2.138391895	3.683106	12.585274
2.151843818	3.573955	12.757354
2.165466055	3.425348	12.83152
2.179261863	3.279257	12.86826
2.193234579	3.14847	12.893712
2.207387628	2.977033	12.962278
2.221724524	2.835928	12.953013
2.236248873	2.701284	12.903786
2.250964375	2.543699	12.863342
2.265874829	2.46125	12.920929
2.280984134	2.362112	12.927318
2.296296296	2.224846	12.883092
2.311815428	2.089787	12.944294
2.327545753	1.961482	12.947692
2.330389025	1.938626	12.945828
2.343491614	1.815628	12.904842
2.359657469	1.632712	12.688358
2.376047904	1.492514	12.623369
2.392667631	1.383367	12.587222
2.409521496	1.276409	12.556315
2.426614481	1.105274	12.506361
2.443951712	0.980375	12.448306
2.461538462	0.968584	12.334103
2.479380155	1.062105	12.122073
2.497482377	1.010115	12.025663
2.515850875	0.912308	11.938116
2.534491569	0.782009	11.849117
2.553410553	0.647827	11.757537
2.572614108	0.428983	11.712885
