730.0	0.434264	0.388683
730.0	1.117270
724.7	0.431929	0.376405
724.7	1.147513
719.5	0.428508	0.363231
719.5	1.179714
714.4	0.424058	0.349193
714.4	1.214396
709.3	0.418627	0.334334
709.3	1.252120
704.3	0.412236	0.318716
704.3	1.293426
699.4	0.404877	0.302419
699.4	1.338797
694.5	0.396511	0.285546
694.5	1.388608
689.7	0.387059	0.268228
689.7	1.443024
685.0	0.376386	0.250625
685.0	1.501788
680.3	0.364256	0.232930
680.3	1.563802
675.7	0.350243	0.215366
675.7	1.626267
671.2	0.333535	0.198192
671.2	1.682891
666.7	0.312506	0.181692
666.7	1.719980
662.3	0.283849	0.166176
662.3	1.708125
658.0	0.241507	0.151967
658.0	1.589209
653.7	0.180491	0.139392
653.7	1.294845
649.4	0.121064	0.128768
649.4	0.940168
645.2	0.107073	0.120386
645.2	0.889415
641.1	0.124622	0.114493
641.1	1.088469
637.0	0.140718	0.111280
637.0	1.264545
633.0	0.148335	0.110866
633.0	1.337960
629.0	0.161759	0.113294
629.0	1.427777
625.1	0.162134	0.118522
625.1	1.367965
621.2	0.156318	0.126428
621.2	1.236427
617.3	0.149851	0.136816
617.3	1.095280
613.5	0.144500	0.149430
613.5	0.967011
609.8	0.141785	0.163966
609.8	0.864721
606.1	0.144382	0.180093
606.1	0.801709
602.5	0.157488	0.197463
602.5	0.797558
598.9	0.177902	0.215731
598.9	0.824646
595.3	0.182161	0.234567
595.3	0.776586
591.8	0.178818	0.253664
591.8	0.704940
588.3	0.179847	0.272746
588.3	0.659393
584.8	0.185588	0.291571
584.8	0.636510
581.4	0.194747	0.309933
581.4	0.628351
578.1	0.206361	0.327661
578.1	0.629801
574.8	0.219766	0.344615
574.8	0.637713
571.5	0.234463	0.360688
571.5	0.650042
568.2	0.250044	0.375797
568.2	0.665370
565.0	0.266141	0.389880
565.0	0.682623
561.8	0.282398	0.402896
561.8	0.700920
